task 1

v: 0, 1, 2, 3, 4, 5, 6, 7, 8, 9, 10, 11, 12, 13, 14, 15, 16, 17, 18, 19,
v: 0, 1, 2, 3, 4, 5, 6, 7, 8, 9, 10,
v after erasing: 0, 1, 2, 3, 4,
v after merging: 0, 1, 2, 3, 4, 50, 51, 52, 53, 54, 55, 56, 57, 58, 59, 60, 61, 62, 63, 64, 65, 66, 67, 68, 69,

task 2

v1: 0, 1, 2, 3, 4, 5, 6, 7, 8, 9, 10, 11, 12, 13, 14, 15, 16, 17, 18, 19,
v1 after reverse sort: 19, 18, 17, 16, 15, 14, 13, 12, 11, 10, 9, 8, 7, 6, 5, 4, 3, 2, 1, 0,
v2: 19, 18, 17, 16, 15, 14, 13, 12, 11, 10,
v1 after sort: 0, 1, 2, 3, 4, 5, 6, 7, 8, 9, 10, 11, 12, 13, 14, 15, 16, 17, 18, 19,
v2 after sort: 10, 11, 12, 13, 14, 15, 16, 17, 18, 19,
v3 after union: 0, 1, 2, 3, 4, 5, 6, 7, 8, 9, 10, 11, 12, 13, 14, 15, 16, 17, 18, 19,
4 elements => x < 4: